  Evalue        E  P(F|score)  P(T|score)
1.00e-20  0.00337    0.000159       1.000
1.00e-19  0.00684    0.000249       1.000
1.00e-18   0.0137     0.00039       1.000
1.00e-17   0.0193    0.000609       0.999
1.00e-16   0.0379    0.000953       0.999
1.00e-15   0.0534     0.00149       0.999
1.00e-14    0.106     0.00233       0.998
1.00e-13    0.149     0.00365       0.996
1.00e-12    0.295     0.00571       0.994
1.00e-11    0.585     0.00893       0.991
1.00e-10    0.823       0.014       0.986
1.00e-09     1.61      0.0218       0.978
1.00e-08     2.25      0.0342       0.966
1.00e-07     4.47      0.0534       0.947
1.00e-06     6.29      0.0836       0.916
1.00e-05      >10       0.124       0.876
1.00e-04      >10       0.192       0.808
   0.001      >10       0.332       0.668
    0.01      >10       0.572       0.428
     0.1      >10       0.814       0.186
       1      >10       0.942       0.058
      10      >10        0.99       0.010
