  Evalue         E  P(F|score)  P(T|score)
1.00e-20  1.64e-09    5.08e-09       1.000
1.00e-19  2.14e-09     1.4e-08       1.000
1.00e-18  3.61e-09    3.88e-08       1.000
1.00e-17  8.11e-09    1.07e-07       1.000
1.00e-16  2.27e-08    2.96e-07       1.000
1.00e-15  6.64e-08    8.18e-07       1.000
1.00e-14  2.13e-07    2.26e-06       1.000
1.00e-13  7.03e-07    6.25e-06       1.000
1.00e-12  3.03e-06    1.73e-05       1.000
1.00e-11  9.69e-06    4.77e-05       1.000
1.00e-10  3.18e-05    0.000132       1.000
1.00e-09  9.81e-05    0.000364       1.000
1.00e-08  3.15e-04     0.00101       0.999
1.00e-07   0.00109     0.00278       0.997
1.00e-06   0.00392     0.00768       0.992
1.00e-05    0.0157      0.0212       0.979
1.00e-04     0.091      0.0587       0.941
   0.001       0.4       0.195       0.805
    0.01      1.74       0.469       0.531
     0.1      7.53       0.777       0.223
       1       >10       0.937       0.063
      10       >10       0.991       0.009
