Evalue	E	P(F|score)	P(T|score)
1.00e-20	4.62e-08	5.08e-09	1.000
1.00e-19	1.93e-07	1.4e-08	1.000
1.00e-18	7.86e-07	3.88e-08	1.000
1.00e-17	1.59e-06	1.07e-07	1.000
1.00e-16	6.40e-06	2.96e-07	1.000
1.00e-15	1.30e-05	8.18e-07	1.000
1.00e-14	5.29e-05	2.26e-06	1.000
1.00e-13	1.07e-04	6.25e-06	1.000
1.00e-12	4.38e-04	1.73e-05	1.000
1.00e-11	0.00179	4.77e-05	1.000
1.00e-10	0.00363	0.000132	1.000
1.00e-09	0.0145	0.000364	1.000
1.00e-08	0.0291	0.00101	0.999
1.00e-07	0.12	0.00278	0.997
1.00e-06	0.243	0.00768	0.992
1.00e-05	0.985	0.0212	0.979
1.00e-04	3.95	0.0587	0.941
0.001	8.69	0.195	0.805
0.01	>10	0.469	0.531
0.1	>10	0.777	0.223
1	>10	0.937	0.063
10	>10	0.991	0.009
# ../py/evalue_by_interp2.py --ref_dbsize 11211 --edf_ref ../edf/foldseek.scop40c --edf_target ../edf/foldseek.scop40_afdb50 --hi 11 --lo 1e-20 --m -0.4414 --c 0.534
