Evalue	E	P(F|score)	P(T|score)
1.00e-20	7.67e-05	0.000159	1.000
1.00e-19	9.59e-05	0.000249	1.000
1.00e-18	1.28e-04	0.00039	1.000
1.00e-17	1.79e-04	0.000609	0.999
1.00e-16	2.74e-04	0.000953	0.999
1.00e-15	4.25e-04	0.00149	0.999
1.00e-14	6.95e-04	0.00233	0.998
1.00e-13	0.00121	0.00365	0.996
1.00e-12	0.00244	0.00571	0.994
1.00e-11	0.00437	0.00893	0.991
1.00e-10	0.00799	0.014	0.986
1.00e-09	0.0144	0.0218	0.978
1.00e-08	0.0275	0.0342	0.966
1.00e-07	0.0559	0.0534	0.947
1.00e-06	0.119	0.0836	0.916
1.00e-05	0.266	0.124	0.876
1.00e-04	0.744	0.192	0.808
0.001	1.75	0.332	0.668
0.01	4.85	0.572	0.428
0.1	>10	0.814	0.186
1	>10	0.942	0.058
10	>10	0.99	0.010
# ../py/evalue_by_interp2.py --ref_dbsize 11211 --edf_ref ../edf/foldseek.scop40 --edf_target ../edf/foldseek.scop40 --lo 1e-20 --hi 11 --m -0.1943 --c 0.08799
